5.330688
7.006470
9.390259
6.671143
9.578979
7.519470
5.956970
7.409912
6.217834
7.566467
6.927490
11.059814
7.544067
6.315979
6.904602
7.754700
4.825562
6.068726
10.076904
6.697876
6.294250
6.164734
8.948730
6.744263
6.167603
5.779541
8.435913
6.440918
5.193207
5.471313
5.607544
6.046387
9.650024
7.733704
5.531067
7.130737
7.607544
7.757935
7.513672
5.212524
8.569824
7.996338
6.488342
6.023743
9.141602
8.499573
6.036560
8.169434
6.881531
5.026123
10.643311
3.869904
10.324585
9.287659
5.987122
9.235291
6.386597
5.752014
6.636353
5.794006
7.760742
6.305847
6.067352
6.643738
4.937317
7.906982
5.883240
5.976074
9.944824
7.253479
7.756775
6.649109
7.049927
6.564331
6.925537
6.566162
6.571655
7.334290
7.314148
6.118103
7.005127
6.389038
6.221375
9.048828
4.593933
8.417725
7.080627
6.298828
5.854034
9.066162
5.892761
5.291992
6.715210
8.139404
6.926697
8.439575
6.953979
7.086121
11.376953
7.767700
5.465332
6.214539
6.104431
6.348999
7.612061
7.972534
6.853699
7.452576
5.960571
7.765991
8.048950
8.247314
5.275604
10.992554
7.403015
9.162476
7.054626
9.359009
6.877075
5.219055
6.804016
6.920715
5.428101
7.337585
6.824829
6.493408
7.082275
5.904602
6.179810
5.007629
5.700500
6.304016
7.182861
5.379333
6.458801
5.023041
5.994263
8.002014
6.971436
7.049500
6.339386
6.956299
6.329315
5.920776
6.563721
4.716675
9.119629
6.603760
6.546143
9.213562
8.467285
5.631531
9.106079
7.248352
5.598938
6.292114
11.261047
7.525635
7.383789
7.322144
7.281128
7.570435
5.803162
7.002075
5.590515
6.606995
6.814087
7.579468
7.466980
5.418823
7.063232
6.350159
5.933716
7.641724
7.873657
7.907654
8.228088
6.373901
6.132019
6.356995
7.733582
6.530579
7.787415
10.006470
10.608032
5.061462
9.460083
7.871094
5.734558
6.123138
6.724426
6.485840
8.973450
5.516785
8.681030
8.646362
7.567871
8.014771
7.403137
6.257385
6.168640
6.220886
7.170288
9.377563
9.484253
6.525818
6.328003
5.630920
3.969055
7.600098
5.794250
5.670410
7.523315
7.695496
5.635010
6.026428
9.385864
5.722961
7.942139
8.829346
9.715698
5.581604
4.958130
8.511414
5.923523
9.650269
5.819092
9.286987
6.181335
7.692810
6.742981
8.970215
6.514465
7.851257
8.283447
5.006714
5.977966
7.376221
6.142395
5.424866
7.832031
6.822815
4.799011
5.989868
5.718384
8.264526
5.729858
7.306030
6.503296
7.045898
6.282532
8.565063
7.277954
6.261658
5.751648
7.213623
6.968994
6.301331
9.795166
6.128296
6.017090
6.815613
6.343201
6.545593
6.598450
5.891418
7.283569
5.800720
6.702209
8.629395
8.636047
7.207764
4.627869
6.420654
6.674683
7.372925
10.153992
4.645691
9.830078
6.341797
7.139893
8.001038
7.232483
7.433044
6.626160
8.395691
6.973633
6.504517
5.959473
6.560303
7.046326
6.479797
5.630066
5.870483
5.830383
7.151001
7.229370
5.082275
7.261963
7.304932
6.921753
5.745483
8.009644
6.825439
7.612976
9.404419
8.840271
8.497559
6.269806
6.868347
8.707458
8.685547
6.869934
7.473999
4.988770
8.045898
6.644104
6.593140
7.004761
5.509766
7.005371
6.086731
5.918213
5.323303
5.995056
7.046997
5.172089
5.414124
6.609924
7.091553
5.150452
7.175537
4.928955
7.651794
7.908447
9.348999
7.240173
6.113586
6.231995
7.027466
5.220215
6.638855
9.381104
9.550171
8.388916
5.518921
8.597107
4.909668
9.243164
9.097656
5.481201
7.543152
5.897644
8.012085
7.162170
7.042969
6.986145
7.200928
8.748413
7.982788
7.128052
8.435425
6.627930
6.694885
7.593140
5.716858
8.071899
6.845032
7.270447
5.354431
7.251953
7.062744
5.201111
6.779541
7.151733
7.631470
8.899048
7.156372
7.152344
6.214111
6.214294
7.158325
6.682800
8.197937
6.973572
6.012634
6.019226
5.366882
6.255310
6.657959
7.184814
6.957153
6.427795
7.744995
7.798950
9.485168
6.409485
5.578247
7.341919
8.289429
5.293121
7.190430
5.722229
6.117493
6.054321
5.390717
5.533691
6.933716
8.354004
7.318237
5.047363
6.472473
10.888306
8.012451
6.460327
5.267273
6.702515
7.698242
5.828857
4.793304
6.551147
5.317566
5.745300
6.896423
5.684448
6.630127
7.109741
6.747925
6.046051
7.327087
9.643921
6.178101
5.810364
5.987854
5.310699
7.084534
5.218140
5.889038
8.262085
6.133240
8.270996
10.629456
6.273621
8.755737
5.964478
8.440369
7.917358
5.282227
8.392212
8.419006
6.091187
8.603760
7.030945
4.155884
7.356934
6.281128
5.900757
6.477905
5.036713
8.010254
9.338623
5.498779
8.859863
7.750610
5.371277
6.247253
5.085846
7.697144
12.794434
8.377930
4.549011
5.628052
6.167297
5.660797
6.372498
5.370544
5.457703
8.033081
6.722046
8.324097
7.094788
7.668335
6.417694
7.531982
7.805298
5.900269
6.650146
6.140137
8.195862
7.024109
6.645691
6.499817
7.669678
10.489380
6.739136
6.589355
6.955505
6.994263
5.481750
5.094818
6.346619
5.834412
8.846680
7.433838
11.217590
5.755005
8.734436
6.951782
5.218536
7.038818
7.096375
6.239075
8.279785
10.052734
7.615417
8.490479
7.523865
8.150879
7.245728
6.504883
6.490112
7.924927
6.885742
8.075256
8.800110
6.678040
5.662842
6.685364
7.879150
6.017395
9.660645
7.337708
6.683838
7.000977
5.428650
6.318146
7.904053
5.741760
9.306152
4.970825
7.555725
7.609924
8.438904
5.472717
8.829712
6.924622
6.860229
8.588745
6.648926
6.135315
7.028198
7.678833
6.798767
6.222107
5.449036
6.763245
8.969116
9.028687
7.576416
7.924133
6.385620
4.678101
5.160583
7.157349
6.549316
6.262878
8.325256
4.852722
6.670898
5.539062
5.313843
5.244690
5.424377
7.319580
6.576660
7.572021
5.922485
9.308350
6.122528
5.668091
5.306335
7.840210
8.759399
5.320862
5.593628
5.499634
7.480469
6.424805
7.593994
8.187500
6.233215
7.136353
6.492798
6.534851
10.580322
6.642731
7.687622
5.880066
7.070801
6.227783
6.736572
10.769775
8.023438
7.545227
8.516479
5.273438
7.379211
5.521851
8.398926
4.330597
6.198425
7.759033
5.104614
7.385681
5.269836
8.583374
8.565552
6.076965
8.177124
6.686646
5.754883
7.231445
11.441284
5.976318
7.234009
6.414001
7.187927
6.938110
7.664978
6.255981
6.524048
8.233093
6.596802
7.791626
6.437744
7.118958
7.445374
7.548523
5.681396
7.635010
10.090942
7.284302
8.144348
6.615784
7.727539
7.207520
6.942444
7.682617
7.214722
7.629028
14.583252
8.346680
7.367920
7.091187
7.640259
5.709412
7.052124
6.078125
5.880249
5.573853
6.268250
8.062012
6.973755
9.020508
7.075439
8.583496
7.064819
8.996948
5.584167
4.594360
5.498474
9.495728
6.984131
6.226807
5.700012
7.066711
8.060303
6.727783
8.228882
6.441711
7.265320
6.195312
7.060303
7.174500
10.102051
5.164581
5.752258
5.209778
6.653198
6.074890
6.572998
5.350342
6.483154
5.627716
5.931946
6.703308
7.152344
8.093811
5.525391
9.460938
8.206299
7.327026
8.389526
7.402466
5.981689
7.794556
7.310486
9.212646
6.294067
7.663025
9.651001
8.915955
6.067261
6.136414
4.615997
11.230103
5.038086
6.949890
5.507568
9.035034
5.800842
6.578979
7.060669
7.170227
8.467957
6.861267
8.148315
6.278137
6.054688
6.367737
5.807861
8.762878
8.610107
7.227783
5.127563
5.729736
6.921875
7.037415
5.061584
7.848389
7.383362
5.450867
7.997009
6.050415
9.017212
8.780884
6.446716
6.867432
8.008057
8.562378
7.870300
7.208801
7.147766
8.006348
5.170898
6.020386
4.877197
7.303650
5.854065
6.824280
7.303589
7.816772
7.677490
8.688538
6.754700
7.630371
8.094360
7.519775
4.834717
5.457825
9.712097
4.873535
5.750427
6.300171
5.904846
6.022583
9.232910
5.549866
8.644409
7.402222
8.668213
8.201172
5.401978
6.183655
5.306030
5.758118
6.505249
5.181244
9.689697
7.600464
7.193115
6.640808
5.702637
7.184937
6.986755
5.567505
5.760559
5.918945
5.674713
5.146912
10.602173
6.634766
8.131104
5.127014
9.376709
6.404358
6.311707
4.861267
8.244568
7.463623
7.659790
9.505859
8.909180
8.199646
6.907043
7.951416
8.953857
5.684998
6.094299
6.820618
8.687988
7.751038
4.823090
6.691223
5.358063
10.284058
5.554993
5.674347
6.172180
5.033997
10.272827
8.221985
5.300140
5.819275
6.072998
6.538940
5.876099
6.074524
6.500183
6.640503
8.449951
5.693237
6.530334
6.754150
6.239502
6.829590
10.511719
5.309082
5.852417
8.785522
6.040771
5.498291
5.253357
5.521118
6.125977
7.947266
6.914978
8.385376
7.758484
7.622681
7.002014
6.305725
6.275757
7.582764
8.183838
11.301025
7.818054
7.426941
7.097778
5.654053
7.807434
7.859009
5.536835
9.273804
7.275635
7.000000
7.829468
7.255981
6.532104
7.493958
8.380005
9.075073
5.761780
5.871643
9.900635
6.456848
10.394775
6.771118
5.473938
6.880066
5.508057
6.802856
4.838531
7.539795
6.528625
6.528931
6.326721
7.255615
6.133362
6.842468
6.702698
6.994873
7.570679
8.253845
9.311890
4.644958
9.496582
8.126709
9.147949
6.626831
7.836426
5.540771
7.084473
8.199707
7.627869
5.570923
6.469727
5.060364
5.468842
10.032104
8.622437
6.840332
6.608337
6.592651
8.301392
7.756104
8.304810
6.559204
5.593201
5.039886
5.701202
5.223267
6.590027
5.847839
4.416351
6.680786
5.053894
8.468262
6.736389
7.536499
9.519897
5.467224
7.345154
8.438354
6.793213
6.956055
9.486206
6.953003
6.424316
6.210938
5.448730
8.387939
5.745667
7.743774
6.258179
9.944214
8.982056
5.748718
5.785156
4.729645
5.531555
8.654663
7.131836
4.832550
8.211304
5.779968
5.895813
6.200256
7.727234
6.655334
5.975922
8.618774
7.585876
5.843994
7.635864
8.581421
9.858521
4.664703
9.422852
6.578308
7.118896
5.045715
6.106964
7.521484
5.523071
8.122314
7.168762
8.215088
6.302612
7.026794
8.687622
4.895935
6.456482
10.065918
6.053894
8.050232
6.938782
5.142487
9.829651
7.273438
