64.635819
64.635844
64.635858
64.635860
64.635834
64.635832
64.635831
64.635831
64.635831
64.635855
64.635831
64.635830
64.635842
64.635830
64.635818
64.635830
64.635818
64.635854
64.635818
64.635842
64.635818
64.635818
64.635830
64.635818
64.635818
64.635830
64.635818
64.635818
64.635818
64.635818
64.635818
64.635818
64.635818
64.635818
64.635818
64.635830
64.635818
64.635818
64.635818
64.635818
64.635818
64.635818
64.635818
64.635818
64.635818
64.635818
64.635818
64.635818
64.635818
64.635818
64.635818
64.635818
64.635818
64.635818
64.635842
64.635818
64.635830
64.635830
64.635830
64.635842
64.635842
64.635842
64.635830
64.635830
64.635842
64.635842
64.635818
64.635830
64.635830
64.635830
64.635830
64.635830
64.635830
64.635818
64.635854
64.635854
64.635818
64.635842
64.635818
64.635842
64.635830
64.635842
64.635830
64.635842
64.635842
64.635830
64.635830
64.635830
64.635818
64.635830
64.635854
64.635842
64.635842
64.635842
64.635818
64.635830
64.635818
64.635842
64.635842
64.635842
64.635818
64.635818
64.635818
64.635830
64.635818
64.635842
64.635818
64.635818
64.635830
64.635830
64.635842
64.635830
64.635818
64.635818
64.635866
64.635818
64.635842
64.635830
64.635818
64.635866
64.635854
64.635830
64.635830
64.635842
64.635818
64.635842
64.635866
64.635830
64.635854
64.635818
64.635818
64.635818
64.635854
64.635818
64.635818
64.635830
64.635818
64.635842
64.635830
64.635818
64.635842
64.635818
64.635818
64.635818
64.635842
64.635818
64.635818
64.635830
64.635818
64.635818
64.635830
64.635818
64.635818
64.635842
64.635818
64.635818
64.635818
64.635830
64.635818
64.635818
64.635818
64.635818
64.635830
64.635818
64.635830
64.635830
64.635830
64.635830
64.635818
64.635830
64.635830
64.635830
64.635818
64.635830
64.635818
64.635818
64.635830
64.635842
64.635830
64.635818
64.635830
64.635818
64.635830
64.635830
64.635818
64.635818
64.635830
64.635818
64.635818
64.635830
64.635818
64.635818
64.635830
64.635818
64.635818
64.635818
64.635818
64.635818
64.635830
64.635818
64.635818
64.635818
64.635818
64.635854
64.635866
64.635818
64.635818
64.635842
64.635818
64.635830
64.635818
64.635818
64.635830
64.635830
64.635818
64.635830
64.635818
64.635818
64.635818
64.635854
64.635842
64.635818
64.635878
64.635818
64.635830
64.635818
64.635818
64.635830
64.635830
64.635818
64.635818
64.635830
64.635818
64.635842
64.635818
64.635818
64.635818
64.635830
64.635818
64.635830
64.635818
64.635818
64.635830
64.635830
64.635818
64.635830
64.635830
64.635818
64.635830
64.635842
2.901413
2.901413
2.901412
2.901413
2.901413
2.901412
2.901412
2.901412
2.901412
2.901414
2.901412
2.901412
2.901412
2.901413
2.901413
2.901412
2.901412
2.901412
2.901412
2.901412
2.901412
2.901412
2.901412
2.901412
2.901412
2.901412
2.901412
2.901412
2.901412
2.901412
2.901412
2.901412
2.901412
2.901412
2.901412
2.901412
2.901412
2.901412
2.901412
2.901412
2.901412
2.901412
2.901412
2.901412
2.901412
2.901412
2.901412
2.901412
2.901412
2.901412
2.901412
2.901412
2.901412
2.901412
2.901411
2.901409
2.901387
2.901175
2.899152
2.881978
2.800335
2.663268
2.576741
2.518591
2.425977
2.326534
2.255164
2.209976
2.179306
2.156437
2.137393
2.120644
2.105613
2.092605
2.083453
2.074681
2.065945
2.057816
2.050478
2.044546
2.039225
2.034404
2.029911
2.025305
2.020331
2.015758
2.011372
2.006967
2.003221
1.999776
1.997301
1.994918
1.992541
1.990330
1.987936
1.986053
1.983941
1.981944
1.980595
1.979376
1.977924
1.976648
1.975567
1.974206
1.973016
1.971805
1.970529
1.969250
1.967947
1.966981
1.965854
1.964844
1.963948
1.962813
1.961828
1.960888
1.959643
1.958511
1.957578
1.956637
1.955801
1.954784
1.953951
1.953041
1.952165
1.951177
1.950339
1.949622
1.948698
1.947780
1.946966
1.946086
1.945120
1.944509
1.943972
1.943226
1.942537
1.941756
1.941103
1.940321
1.939484
1.938829
1.938081
1.937560
1.936957
1.936210
1.935749
1.934809
1.934335
1.933612
1.932959
1.932180
1.931484
1.930690
1.929947
1.929266
1.928566
1.928045
1.927600
1.926820
1.926278
1.925838
1.925244
1.924447
1.923799
1.923328
1.922736
1.922181
1.921618
1.921022
1.920536
1.920212
1.919652
1.919132
1.918659
1.918207
1.917879
1.917330
1.916676
1.916012
1.915605
1.914996
1.914635
1.914294
1.913896
1.913447
1.913187
1.912811
1.912365
1.912143
1.911711
1.911274
1.910876
1.910408
1.909895
1.909449
1.908976
1.908545
1.908121
1.907981
1.907581
1.907096
1.906758
1.906477
1.906187
1.905852
1.905612
1.905275
1.904845
1.904517
1.904018
1.903742
1.903451
1.903103
1.902939
1.902601
1.902348
1.902111
1.902029
1.901821
1.901581
1.901253
1.900923
1.900740
1.900860
1.900863
1.900833
1.900688
1.900731
1.900617
1.900571
1.900520
1.899898
1.899586
1.899354
1.899238
1.899094
1.898735
1.898673
1.898522
1.898601
1.898414
1.898360
1.898190
1.898086
1.897993
1.897718
1.897645
1.897513
1.897523
1.897333
1.897183
1.897042
1.897004
1.896929
1.896837
1.896537
1.896213
1.895790
1.895699
1.895342
1.894875
1.894381
1.893873
1.892940
1.892154
1.891526
1.890466
1.888870
1.887901
1.888068
1.887898
1.887631
1.887616
1.887553
1.887317
1.886966
1.886808
1.886548
1.886374
1.886148
1.886007
1.885833
1.885704
1.885747
1.885625
1.885377
1.884968
1.884854
1.884536
1.884435
1.884189
1.883912
1.883821
1.883724
1.883489
1.883202
1.883048
1.882890
1.882696
1.882578
1.882428
1.882308
1.882133
1.882147
1.882001
1.881935
1.881833
1.881692
1.881650
1.881405
1.881098
1.881105
1.880985
1.880793
1.880662
1.880477
1.880402
1.880164
1.880060
1.879775
1.879798
1.879796
1.879523
1.879452
1.879541
1.879526
1.879309
1.879157
1.879153
1.879129
1.878820
1.878739
1.878651
1.878552
1.878358
1.878225
1.878118
1.877960
1.877776
1.877695
1.877592
1.877685
1.877605
1.877694
1.877634
1.877630
1.877523
1.877369
1.877268
1.877115
1.876983
1.876824
1.876591
1.876491
1.876416
1.876273
1.876107
1.876001
1.875861
1.875620
1.875333
1.875226
1.875107
1.875205
1.875107
1.875186
1.875017
1.875077
1.874968
1.874896
1.874792
1.874693
1.874573
1.874603
1.874546
1.874536
1.874414
1.874436
1.874532
1.874433
1.874386
1.874268
1.874075
1.873839
1.873886
1.873792
1.873684
1.873459
1.873391
1.873343
1.873102
1.873215
1.872949
1.872864
1.872936
1.872935
1.872915
1.872767
1.872810
1.872820
1.872783
1.872598
1.872589
1.872492
1.872535
1.872333
1.872270
1.872275
1.872141
1.871928
1.871855
1.871804
1.871771
1.871872
1.871742
1.871804
1.872005
1.871866
1.871988
1.872003
1.871849
1.871976
1.872047
1.871970
1.871767
1.871797
1.871754
1.871682
1.871568
1.871573
1.871427
1.871445
1.871531
1.871538
1.871401
1.871421
1.871432
1.871519
1.871416
1.871377
1.871343
1.871321
1.871198
1.871051
1.870963
1.871007
1.871003
1.870930
1.870903
1.870956
1.870902
1.870781
1.870700
1.870670
1.870591
1.870473
1.870452
1.870382
1.870131
1.870314
1.870255
1.870123
1.870102
1.869989
1.869914
1.869814
1.869706
1.869645
1.869619
1.869534
1.869510
1.869405
1.869320
1.869280
1.869146
1.869033
1.868892
1.868889
1.868947
1.868853
1.868761
1.868551
1.868646
1.868521
1.868497
1.868483
1.868464
1.868477
1.868378
1.868315
1.868380
1.868340
1.868281
1.868241
1.868319
1.868205
1.868056
1.868000
1.868068
1.868082
1.867936
1.868075
1.868190
1.868046
1.867997
1.867903
1.867740
1.867903
1.867832
1.867748
1.867618
1.867529
1.867565
1.867673
1.867653
1.867541
1.867528
1.867512
1.867498
1.867478
1.867546
1.867502
1.867520
1.867529
1.867395
1.867347
1.867347
1.867338
1.867170
1.867117
1.867125
1.866964
1.866938
1.866930
1.866894
1.866894
1.866899
1.866898
1.866909
1.866839
1.866843
1.866766
1.866868
1.866883
1.866912
1.866754
1.866737
1.866727
1.866736
1.866637
1.866708
1.866616
1.866557
1.866673
1.866697
1.866662
1.866684
1.866544
1.866583
1.866724
1.866688
1.866740
1.866749
1.866634
1.866631
1.866691
1.866761
1.866847
1.866864
1.866851
1.866857
1.866799
1.866746
1.866656
1.866544
1.866521
1.866469
1.866518
1.866579
1.866591
1.866628
1.866751
1.866701
1.866692
1.866565
1.866486
1.866380
1.866199
1.866144
1.866045
1.865792
1.865799
1.865630
1.865554
1.865463
1.865221
1.864985
1.864842
1.864714
1.864697
1.864525
1.864571
1.864728
1.864761
1.864711
1.864797
1.864721
1.864838
1.864702
1.864639
1.864579
1.864504
1.864540
1.864518
1.864511
1.864518
1.864445
1.864564
1.864569
1.864542
1.864471
1.864385
1.864451
1.864470
1.864492
1.864453
1.864424
1.864421
1.864453
1.864502
1.864449
1.864382
1.864284
1.864228
1.864260
1.864231
1.864111
1.864023
1.864044
1.864159
1.864118
1.864172
1.864088
1.863941
1.863780
1.863839
1.863766
1.863753
1.863790
1.863756
1.863728
1.863818
1.863886
1.863902
1.863772
1.863814
1.863890
1.863809
1.863876
1.863930
1.863932
1.863922
1.863836
1.863699
1.863792
1.863760
1.863870
1.863809
1.863799
1.863602
1.863600
1.863533
1.863542
1.863558
1.863473
1.863458
1.863529
1.863670
1.863535
1.863441
1.863392
1.863401
1.863494
1.863509
1.863581
1.863520
1.863437
1.863477
1.863500
1.863561
1.863548
1.863401
1.863375
1.863497
1.863429
1.863344
1.863363
1.863238
1.863164
1.863154
1.863143
1.863076
1.863101
1.863031
1.863029
1.863028
1.863031
1.863048
1.863096
1.863068
1.862969
1.862984
1.862989
1.863042
1.863054
1.863076
1.863063
1.862982
1.862850
1.862911
1.862774
1.862801
1.862725
1.862724
1.862618
1.862713
1.862723
1.862656
1.862697
1.862640
1.862717
1.862616
1.862500
1.862527
1.862573
1.862594
1.862574
1.862654
1.862620
1.862600
1.862555
1.862589
1.862624
1.862618
1.862665
1.862578
1.862622
1.862599
1.862682
