0.001431
0.002783
0.001636
0.001349
0.002507
0.001151
0.001666
0.002615
0.001951
0.001736
0.001078
0.002669
0.002301
0.001344
0.003014
0.002460
0.000972
0.001118
0.003380
0.001707
0.001250
0.002365
0.002546
0.001230
0.002085
0.001180
0.001855
0.000956
0.001584
0.000831
0.001464
0.002153
0.002775
0.002546
0.001409
0.001395
0.001741
0.002545
0.002267
0.001097
0.002867
0.001232
0.001962
0.001848
0.003106
0.002248
0.001247
0.002008
0.001606
0.001836
0.002612
0.001132
0.002020
0.003835
0.002127
0.002856
0.001808
0.002089
0.001531
0.000730
0.001390
0.002207
0.001398
0.001452
0.001140
0.001696
0.001073
0.000492
0.001571
0.002299
0.002226
0.002166
0.000927
0.002271
0.001444
0.002083
0.001333
0.001605
0.001750
0.001748
0.001414
0.001178
0.003750
0.003243
0.001432
0.002426
0.001988
0.002569
0.001705
0.003834
0.000823
0.001770
0.001038
0.000829
0.001331
0.001940
0.002789
0.002315
0.003601
0.002071
0.001424
0.001063
0.001285
0.001107
0.002062
0.002412
0.001836
0.001698
0.001308
0.002649
0.001784
0.002232
0.001067
0.002606
0.001172
0.003091
0.001288
0.002211
0.001421
0.002104
0.002338
0.002424
0.001434
0.002321
0.002339
0.001097
0.001938
0.001691
0.001009
0.002172
0.001817
0.000873
0.001362
0.001049
0.001271
0.000897
0.002066
0.002992
0.001496
0.002683
0.002694
0.002266
0.001378
0.000336
0.001709
0.000992
0.001851
0.001391
0.001375
0.002042
0.002635
0.001487
0.002177
0.001364
0.001963
0.000967
0.004660
0.001877
0.002705
0.001452
0.002437
0.002947
0.002131
0.001235
0.000904
0.000841
0.002116
0.002514
0.002720
0.000838
0.001323
0.001871
0.001343
0.003256
0.000939
0.001451
0.002156
0.001811
0.001738
0.001869
0.002869
0.001270
0.001829
0.004232
0.003706
0.000874
0.002125
0.001514
0.000857
0.001673
0.001212
0.001264
0.002253
0.001695
0.002081
0.002037
0.001487
0.002122
0.001694
0.001512
0.000812
0.000934
0.002265
0.002079
0.002563
0.001802
0.001585
0.002295
0.000718
0.001888
0.002009
0.001973
0.001452
0.002002
0.001859
0.000975
0.002246
0.001891
0.001432
0.001949
0.002707
0.001447
0.002578
0.002447
0.001183
0.003694
0.001972
0.003441
0.001338
0.003588
0.001528
0.002480
0.002013
0.001117
0.001492
0.001066
0.001984
0.001752
0.001745
0.001935
0.001953
0.002300
0.000897
0.001737
0.001322
0.003028
0.001249
0.001988
0.001946
0.001633
0.001012
0.002104
0.003199
0.001923
0.000959
0.001742
0.002141
0.001619
0.002193
0.000800
0.001387
0.000759
0.001004
0.001408
0.002354
0.001653
0.001707
0.001196
0.001573
0.002378
0.001785
0.002206
0.001436
0.001976
0.001669
0.001739
0.003802
0.001089
0.004485
0.001095
0.001976
0.002485
0.001788
0.001638
0.001253
0.002490
0.001213
0.001590
0.001690
0.001992
0.002060
0.001324
0.000455
0.000821
0.001294
0.001763
0.002535
0.000802
0.002292
0.002359
0.001168
0.001094
0.002176
0.002204
0.001188
0.003043
0.004331
0.001835
0.001333
0.003863
0.004109
0.003761
0.001286
0.001746
0.001575
0.002531
0.001318
0.001494
0.001078
0.000841
0.002165
0.002306
0.000839
0.000630
0.002617
0.001686
0.001422
0.001550
0.002070
0.001505
0.001839
0.002286
0.001393
0.002042
0.001916
0.002295
0.002786
0.002238
0.001277
0.001363
0.000214
0.000739
0.003193
0.001615
0.001717
0.001488
0.002790
0.001828
0.002593
0.002466
0.001335
0.001826
0.001134
0.002768
0.001836
0.001455
0.001683
0.001351
0.002894
0.001311
0.002770
0.002326
0.001425
0.001924
0.002794
0.001191
0.001435
0.001632
0.002167
0.002187
0.001918
0.001930
0.001077
0.002176
0.001732
0.002827
0.002709
0.002504
0.002775
0.001296
0.001145
0.001378
0.001954
0.002313
0.000950
0.001063
0.000959
0.001002
0.001720
0.002379
0.001874
0.001765
0.001289
0.001430
0.001735
0.003123
0.002296
0.000848
0.001498
0.002987
0.001126
0.002441
0.002286
0.001600
0.001455
0.001267
0.000805
0.000836
0.001499
0.002467
0.000817
0.001405
0.001644
0.001898
0.000881
0.001105
0.001917
0.002602
0.001846
0.001028
0.001159
0.001607
0.000638
0.002183
0.000891
0.000997
0.002341
0.000899
0.001534
0.001735
0.002317
0.001463
0.001574
0.000924
0.002167
0.001679
0.000708
0.001126
0.002338
0.001899
0.002028
0.004100
0.001580
0.002992
0.001392
0.001728
0.002494
0.001728
0.002823
0.003122
0.001387
0.002530
0.001779
0.001092
0.002034
0.001438
0.001519
0.002137
0.000918
0.003109
0.001851
0.001009
0.002162
0.001550
0.001644
0.001622
0.002265
0.001611
0.002322
0.002183
0.001071
0.001143
0.001608
0.002384
0.002077
0.001404
0.001096
0.003617
0.001896
0.002201
0.001966
0.001295
0.001161
0.001948
0.002167
0.001072
0.001063
0.001166
0.002416
0.001380
0.003196
0.000968
0.002633
0.001770
0.001315
0.002424
0.001738
0.001666
0.001453
0.001012
0.002145
0.001564
0.002086
0.000767
0.004068
0.003633
0.001639
0.001374
0.001526
0.002094
0.001601
0.002011
0.001900
0.002033
0.001052
0.002321
0.001370
0.002255
0.003272
0.002428
0.002539
0.002162
0.001505
0.001817
0.002952
0.001316
0.001720
0.001124
0.001859
0.001388
0.003860
0.002744
0.002898
0.002452
0.001300
0.001268
0.001673
0.001490
0.002175
0.000981
0.001965
0.001871
0.003361
0.001593
0.002616
0.001446
0.001952
0.002316
0.003292
0.001647
0.001355
0.001288
0.002334
0.001295
0.002511
0.002717
0.002794
0.002635
0.002686
0.002237
0.002159
0.001021
0.001297
0.001756
0.002546
0.001610
0.002889
0.001425
0.001635
0.001929
0.001742
0.001171
0.001061
0.001841
0.000873
0.001732
0.001739
0.002746
0.001142
0.000844
0.001528
0.002776
0.002879
0.001503
0.002047
0.000977
0.001211
0.002399
0.002050
0.001472
0.002003
0.001003
0.001275
0.002204
0.003094
0.002839
0.002149
0.002514
0.001509
0.001081
0.001468
0.001914
0.002567
0.001014
0.002175
0.001600
0.002562
0.001095
0.001854
0.000664
0.002469
0.002008
0.001370
0.001932
0.001315
0.002084
0.003146
0.000779
0.001702
0.002527
0.001301
0.001984
0.003679
0.001185
0.001056
0.002243
0.001605
0.002003
0.001902
0.001465
0.001748
0.001670
0.002007
0.002064
0.001749
0.001401
0.002136
0.001748
0.002472
0.002774
0.001827
0.001843
0.003093
0.002208
0.002891
0.001445
0.002211
0.001645
0.000922
0.001907
0.003434
0.002065
0.000938
0.001947
0.002149
0.001357
0.001705
0.001031
0.001443
0.001537
0.002233
0.001830
0.001798
0.002069
0.001740
0.001440
0.001578
0.002576
0.001821
0.001097
0.001191
0.002386
0.002288
0.001411
0.001891
0.002407
0.003321
0.002609
0.001930
0.002559
0.001647
0.001632
0.002144
0.001691
0.002734
0.001129
0.001480
0.001095
0.002238
0.002992
0.001412
0.001081
0.001581
0.001459
0.001019
0.001992
0.002228
0.002959
0.001847
0.003661
0.001563
0.003022
0.002257
0.002044
0.001657
0.001583
0.001904
0.002175
0.001675
0.002103
0.002115
0.002994
0.001643
0.002026
0.000938
0.003290
0.001015
0.001468
0.001098
0.002508
0.001661
0.001714
0.001589
0.001731
0.002476
0.001480
0.002162
0.001198
0.001188
0.002878
0.000768
0.001955
0.002441
0.002526
0.000863
0.001614
0.001670
0.001058
0.001551
0.001328
0.002796
0.002147
0.002107
0.000626
0.001660
0.002283
0.001091
0.002295
0.001538
0.001928
0.002640
0.001071
0.001577
0.001623
0.000600
0.001662
0.001851
0.001778
0.001603
0.001669
0.001791
0.003070
0.002219
0.002254
0.001619
0.001873
0.001748
0.001029
0.001046
0.000911
0.002511
0.002131
0.002113
0.001161
0.001311
0.001302
0.002535
0.001892
0.002578
0.001664
0.003453
0.001795
0.001344
0.001477
0.001295
0.001414
0.001936
0.001222
0.002558
0.001800
0.002418
0.001888
0.001307
0.002122
0.001229
0.000682
0.001052
0.002106
0.001653
0.000845
0.002726
0.002176
0.001832
0.001614
0.002310
0.001818
0.001346
0.000496
0.003225
0.001993
0.002065
0.001733
0.002568
0.001370
0.002387
0.001572
0.003925
0.002378
0.002453
0.002105
0.003285
0.002016
0.001310
0.001275
0.001016
0.001956
0.001535
0.002397
0.001867
0.001404
0.001790
0.001785
0.001432
0.001311
0.000988
0.001821
0.001293
0.001046
0.002778
0.001990
0.002343
0.000893
0.001275
0.001628
0.002154
0.001451
0.002266
0.001084
0.001347
0.003253
0.000919
0.001129
0.001356
0.000545
0.000975
0.001166
0.001409
0.002721
0.003063
0.002632
0.001747
0.001544
0.001247
0.001720
0.002069
0.001669
0.002702
0.002905
0.001892
0.000821
0.002558
0.002218
0.002411
0.001615
0.002178
0.001414
0.002248
0.002813
0.001491
0.002150
0.002385
0.002007
0.001012
0.001054
0.001621
0.001282
0.003255
0.002719
0.001045
0.002026
0.001163
0.001550
0.001259
0.002182
0.001270
0.002692
0.001474
0.001624
0.002492
0.001509
0.001229
0.001816
0.002668
0.002393
0.003238
0.001722
0.004207
0.002648
0.002787
0.001531
0.002175
0.001042
0.001782
0.002509
0.001729
0.001635
0.002526
0.000995
0.001936
0.004013
0.001272
0.001724
0.002053
0.002874
0.002196
0.003009
0.001689
0.002763
0.001542
0.001211
0.001299
0.001991
0.001435
0.001544
0.000564
0.001700
0.001399
0.002217
0.001781
0.001275
0.002491
0.001341
0.002739
0.001607
0.001197
0.001695
0.002371
0.003436
0.001045
0.001706
0.001225
0.002979
0.001786
0.001663
0.001447
0.002116
0.001874
0.000799
0.001632
0.000967
0.000843
0.003554
0.003440
0.002439
0.003770
0.001328
0.001694
0.001296
0.001194
0.001557
0.002207
0.002094
0.002235
0.001336
0.002555
0.002338
0.002510
0.000650
0.003058
0.001427
0.001570
0.000706
0.002718
0.001676
0.001609
0.002696
0.001805
0.002958
0.000652
0.001880
0.002116
0.000981
0.001590
0.003239
0.001831
0.002171
0.002141
0.001679
0.001923
0.002635
